3.474452573285637300e+03
2.591865414699713710e+03
1.528045973291838777e+02
-6.115057818027835879e+00
3.465878892890586371e+02
2.750008992458141392e+02
1.810061216319100822e+03
1.758492572397767390e+03
3.282266544131292676e+02
5.600061536322655229e+02
5.619127455404783404e+02
4.599870290530823809e+02
4.251241048563637378e+03
-3.729032453491999992e-04
2.362774197498381454e+03
2.101055881778937874e+03
2.006517997636311463e+02
4.157475830945343660e+03
-1.534509911307821994e+01
1.492157992033374512e+03
2.201292960047318559e+01
7.253472085199209687e+02
2.362945570231909642e+03
1.912954067546621218e+03
8.841625013820668073e+02
2.341955667969397723e+02
1.992465122415346968e+03
3.599665680411033009e+03
9.774685950593527650e+02
3.195223428752062205e+02
3.599665748857718427e+03
7.772385627600790485e+02
3.014317535734430749e+02
2.261045457771537713e+03
9.993395089165400123e+02
1.240190417245008803e+03
2.934960999677961695e+02
3.629294612317759743e+02
1.346871901112911246e+03
3.289322572538260943e+02
2.344354175340075983e+02
2.101049490776071252e+03
2.607617053030296006e+02
3.436391874918482245e+03
8.734835427497458227e+01
1.120225811384040031e-02
1.783466444943817123e+03
-3.729032453491999992e-04
4.421240961636877728e+03
-3.418404563310062372e+00
8.419975378990226318e+02
6.884215008531264175e+02
1.498651933969075571e+03
4.299188045138581401e+03
5.619127455404783404e+02
1.113991132761779981e-02
1.021143828100353630e+03
2.261022031809742202e+03
1.114180972095683956e+03
4.265325169910210207e+03
1.827576790976490884e+03
2.148046624940664515e+03
1.900394601026142993e+01
3.802224866958821167e+03
2.088202753554004119e+02
7.677555347645590018e+02
3.623854907814910015e-02
6.921653461909486396e+02
1.532405626898656237e+03
2.174364746635064876e+03
9.376363961651500176e+02
9.222240994599779924e+02
2.761848825045618014e+03
2.155748868945092909e+02
8.704333461656400459e+02
1.857136738481905923e+03
2.521100745657415700e+03
1.770169225993099644e+03
2.507176348940942262e+03
2.031837732601084099e+03
1.328080727982663120e+03
1.025515465802255221e+03
1.065045082406332767e+03
1.090607384799822057e+03
2.287336373733779965e+03
3.537268087230710307e+02
1.113991132761779981e-02
-3.729032453491999992e-04
5.185679086822979116e+02
5.288181970502698732e+02
2.538209022195271132e+02
1.535580860856950721e+03
1.328080662613216418e+03
2.646884297460724611e+03
2.252234773726960157e+03
1.912954067546621218e+03
7.617889980347122219e+02
9.232057791020304194e+02
1.421053911105036605e+03
2.694492215079460948e+03
1.474155696741487191e+03
8.554256909582350090e+02
1.561492176154476056e+03
1.113991132761779981e-02
4.421410985308514682e+03
7.253472085199209687e+02
2.218131196258636464e+03
3.563827821843002539e+02
2.174826850247320181e+03
2.476160777329397206e+03
2.132898658159488150e+03
4.263674680761351397e+02
7.962763482506940136e+02
9.381868861459599884e+02
5.248766306353385289e+02
3.967277394038252964e+02
9.380123306832949766e+02
2.002855516879553306e+03
1.533909148198659977e+03
2.265942004156173425e+03
2.464388105369266214e+03
3.835121504157058325e+02
3.800717324547993030e+02
2.591865414699713710e+03
4.585206406935217274e+02
3.522105834645706750e+02
2.251025784290497711e+02
1.466830872904675061e+03
2.521287664561913971e+03
9.286632609852715632e+02
1.992485441001593927e+03
3.807880537132240988e+03
-1.083026784925777974e-01
1.120225811384040031e-02
3.431181245542498345e+03
1.082894948908901256e+01
5.084728251883372536e+02
2.646906639674669350e+03
-5.287381640428599761e-03
9.561310671781761812e+02
1.113991132761779981e-02
1.721469457543245426e+03
8.664299079332472502e+02
1.673309933268073110e+03
3.827680809387593968e+02
1.814199454107346355e+03
3.537267461297634554e+02
2.130558815136485464e+03
5.499844017928037374e+02
2.491270716353899843e+03
3.288682029789633816e+02
6.777711555668386154e+02
1.407948959694953828e+03
6.675649337624889768e+02
1.721469457543245426e+03
-3.729032453491999992e-04
1.113991132761779981e-02
9.360324178115962468e+02
3.195223428752062205e+02
1.473088926588125958e+02
2.968054583811524481e+03
1.113991132761779981e-02
2.701708733983564925e-01
3.528739463402679917e+02
2.151870912989194039e+03
4.045393330943040837e+03
1.113991132761779981e-02
1.113991132761779981e-02
2.246202235462755652e+03
3.463328770532942826e+02
2.629760384242451892e+02
3.351269653163741168e+03
1.113991132761779981e-02
5.231446332348493797e+02
3.545891423215682607e+02
3.835121504157058325e+02
1.289142260141831912e+03
2.287510903100619544e+03
8.834377390340122247e+02
1.849026444893400765e+02
4.908353812769639717e+02
6.921653461909486396e+02
5.250519055442474610e+02
3.642356164498729072e+02
1.827576790976490884e+03
1.421053911105036605e+03
8.739540439811981969e+02
2.277307667534484153e+03
7.806804671135182616e+02
5.791155477208889124e+01
1.853155275855056061e+03
2.883551420839285697e+02
1.452479429026151820e+03
1.533785187196677043e+03
5.230531576529898530e+02
1.113991132761779981e-02
1.810061216319100822e+03
-5.677214705241695469e+00
6.794723417599819868e+02
2.300312862786309948e-02
1.293983736132802960e+03
6.755945211169308777e+02
5.339457363381828827e+02
3.351269653163741168e+03
1.866289631749395994e-01
2.237121714842999609e+03
2.923247098679435112e+03
5.306346425173785519e+02
1.402453397530614893e+03
2.228549730090788671e+03
3.813053619832125207e+01
2.299068726411722764e+03
-2.053009075457659094e+01
3.239301695298888148e+02
3.800717324547993030e+02
1.821525786877461542e+03
1.857383919094546400e+03
1.113991132761779981e-02
6.794723417599819868e+02
1.113991132761779981e-02
8.554494120146174510e+02
2.134437463570374973e+02
2.836535590691006519e+02
1.573294996523415534e+01
3.971026665387862067e+03
-3.166802806188684372e+00
1.250312678143993026e+03
8.664298930980869500e+02
2.289281990712104289e+03
1.113991132761779981e-02
1.113991132761779981e-02
2.694244272042056764e+03
1.439349271171842304e+02
1.289142324987257780e+03
2.646970772820750881e+03
-5.337952737818339732e-02
9.709877589167191445e+02
4.908661886997649049e+02
3.000309533730316502e+00
5.445519891243500297e+02
-2.792935658497689919e-02
2.155445803891815615e+02
1.992541661443048042e+03
2.258087675639861118e+03
1.407974986672659043e+03
2.353986476779818076e+03
3.537267461297634554e+02
5.422615931875498063e+02
3.564129294760497828e+02
2.358613498951106521e+03
5.449793226210747434e+02
2.277055336540773624e+03
1.673309933268073110e+03
3.827680809387593968e+02
2.310951321267512412e+03
3.014491204429351683e+02
1.673309933268073110e+03
-3.729032453491999992e-04
5.228870584554596235e+02
2.151870912989194039e+03
9.486918375981579743e+01
2.980816445225820189e+03
9.065246080581623573e+02
5.016057874640893601e+02
7.776448717677900135e-02
2.680906642120313791e+03
1.113991132761779981e-02
1.721469457543245426e+03
6.789019037112875594e+02
-3.729032453491999992e-04
1.344941767366469094e+03
8.419719715488977272e+02
1.957979248351207957e+02
2.288016658439935782e+03
1.289142260141831912e+03
7.573948298767681990e+02
3.835121504157058325e+02
3.347070292463133683e+02
1.243770735119952633e+03
2.284437015498087931e+03
-3.729032453491999992e-04
5.229533097856855193e+02
5.393434517330213112e+02
2.232191018402852023e+03
8.839090422380621703e+02
2.132662113445469004e+03
5.096189755472337879e+02
1.245291002286006460e+03
9.546094619493388223e+01
2.883551420839285697e+02
5.543836150938457195e+02
2.138861538290795124e+03
2.277120248613436615e+03
2.480341406419562190e+03
7.920883908076802982e+02
1.827576790976490884e+03
1.532510889053947494e+03
5.255594500259967390e+02
1.785915948498120315e+03
5.010737292209685734e+02
8.004043431524131620e+02
2.248857754941479470e+03
3.919160987644575926e+03
2.923281580395047968e+03
6.947951229641091686e-01
3.351269653163741168e+03
2.686561724283516014e+03
4.028793763686060629e+03
1.511392891722931381e+03
1.307156750017348713e+03
6.756651587996234412e+02
2.140370518650997838e+03
6.794723417599819868e+02
4.155315343865589872e-02
2.044999748660681917e+03
-1.899253292226887879e+01
8.375296098245144094e+01
4.148732107777909732e+03
2.646162032444739907e+03
1.120225811384040031e-02
1.821525786877461542e+03
6.705464140841182825e+02
-6.110353055050410376e+00
3.239994645764404595e+02
6.705464140841182825e+02
2.291946078087050864e+03
2.040502280905070847e+03
2.358584222057519128e+03
-3.729032453491999992e-04
3.971078018442853590e+03
1.528046121030136817e+02
-1.044844855244378046e+01
5.379035338714253101e+01
1.113146279152691932e+03
8.555175633308188026e+02
2.279758760852026001e+02
4.157245861414757201e+03
2.883551420839285697e+02
1.567906640209533634e+03
4.550897619780947025e+03
7.772385627600790485e+02
1.758320888418040795e+03
4.756271728664384000e+02
4.708953800264037568e+02
2.467413742592555082e+02
5.619127455404783404e+02
8.785478247783527195e+02
3.282266544131292676e+02
1.785915948498120315e+03
1.758989977075463912e+03
1.810061216319100822e+03
1.821525786877461542e+03
3.463984672016618447e+02
3.954247539510049592e+01
1.886566223731904984e+03
1.528045973291838777e+02
2.923365675828548774e+03
3.599665748857718427e+03
8.839742356044951066e+02
3.111288170618622189e+03
-3.729032453491999992e-04
2.174364746635064876e+03
1.407928306616473947e+03
2.363441798368294258e+03
1.466830807063330440e+03
2.673202372469638703e+03
2.174826850247320181e+03
7.253472085199209687e+02
6.252881781975361264e+00
1.634330697896315996e+03
4.157305029778312928e+03
-4.600894642531372369e+00
6.838213418667630776e+02
2.101071410221764381e+03
2.762526051454932258e+03
8.664299079332472502e+02
1.344941767366469094e+03
3.458095251082120285e+02
3.556190898558660933e+02
2.254126117989768318e+03
2.934960999677961695e+02
6.834214552568394083e+02
3.013808542138633584e+02
2.261112740876945281e+03
1.231178281704558231e+03
1.014793571232919248e+03
7.388775556030509506e+02
6.884215008531264175e+02
2.279296047926474785e+03
3.827680809387593968e+02
1.854967708240431193e+03
9.438342745432212268e+02
6.884215008531264175e+02
2.964476146719545341e+03
2.019308780950584378e+03
1.007278904468037553e+02
4.691546856939330610e+03
3.436391874918482245e+03
7.573656972781467402e+02
1.770169225993099644e+03
1.067268117127362359e+01
8.362228456843628237e+02
3.431181245542498345e+03
2.956942398152032638e+03
6.756893434778774008e+02
2.174364746635064876e+03
1.532573589755154899e+03
3.791167021780490813e+03
3.354277233450027040e+01
1.083956908676241976e-01
6.921653461909486396e+02
2.309031703113863330e+02
1.120225811384040031e-02
2.142207257210600801e+03
9.232057791020304194e+02
1.770169225993099644e+03
1.530163911919651582e+03
1.677001472451536301e+02
1.681985860893461222e+03
5.267200030228309515e+02
1.113991132761779981e-02
5.186390006996853117e+02
2.686524846669513522e+02
2.776839732584409717e+02
2.959040670147995229e+02
1.113991132761779981e-02
2.984720636540143460e+03
1.113991132761779981e-02
5.084728251883372536e+02
1.474155696741487191e+03
1.107253758925715829e+03
4.515325782497633327e+02
1.328080727982663120e+03
1.994729716315493988e+03
9.386924084262656152e+02
1.113991132761779981e-02
1.313100681416052339e+03
1.113146215483165406e+03
2.132722962201900827e+03
3.357036869026461318e+03
9.286632609852715632e+02
2.218131196258636464e+03
3.015940521221712515e+03
1.289003157443736200e+03
4.421707197049920978e+03
3.282266544131292676e+02
1.113991132761779981e-02
3.436391874918482245e+03
-2.339687202557170012e-02
2.694308055598382907e+03
3.239060569497048618e+02
-3.794067469271312110e+00
7.478973898135350282e+02
1.421053911105036605e+03
1.886590879368636024e+03
1.912954067546621218e+03
3.390831351765634167e+02
1.466830872904675061e+03
1.293923111267559989e+03
2.116304079299507066e+02
1.113991132761779981e-02
1.080161303444128862e+02
1.065045018623667602e+03
3.390260733329185427e+02
3.800717324547993030e+02
1.113991132761779981e-02
1.294166680561080227e+02
2.014260562432460347e+03
-1.057247891324663985e-01
1.533846447467560893e+03
3.972338914637635412e+02
3.965529675736149784e+02
